- doi: 10.3103/S1541308X21020138
- doi: 10.1039/C9CP06105C
- doi: 10.1063/1.5135836
- doi: 10.12693/APhysPolA.132.1628